37318054
584 2897 582 2897 264
584 2897 582 2996 314
1445 2909 1445 2899 339
1781 2088 1840 2088 646
1503 1350 1655 1472 109
1503 1350 1488 1374 55
1503 1350 1488 1404 303
2076 3792 2076 3784 370
2076 3792 2069 3833 17
2076 3792 2069 3792 235
2093 3769 2076 3784 156
2093 3769 2100 3769 357
3714 2789 3702 2789 340
2007 2588 2026 2588 157
891 3375 990 3459 286
891 3375 991 3459 270
921 3375 990 3459 120
284 1349 442 1462 200
284 1349 524 1474 352
1404 2729 1404 2654 354
281 1349 262 774 144
281 1349 278 1416 627
131 1554 131 1570 394
4002 464 3967 464 191
3801 2776 3801 2757 368
3801 2776 3769 2774 458
3940 2776 3960 2739 375
3940 3091 3702 2789 4
3940 3091 3888 3106 229
3940 3091 3960 2739 157
3940 3091 3685 2736 91
3940 3091 3769 2757 11
3940 3091 3769 2774 147
3707 1734 3707 1742 316
3707 1734 3559 1723 24
3707 1734 3626 1742 155
3707 1734 3643 1460 14
3707 1734 3575 1557 26
3707 1734 3545 1557 217
3791 1707 3837 1329 4
3791 1707 3837 1401 68
3791 1707 3545 1557 90
3661 271 4066 273 66
3661 271 3802 271 5
3661 271 3450 1119 137
3661 271 3498 1005 24
3661 271 3579 912 394
604 2996 604 3015 156
539 3039 609 3015 93
539 3039 604 3015 16
539 3039 609 3018 201
539 3039 636 3018 191
3072 2337 2968 1663 26
3072 2337 3113 2114 606
3072 2337 3113 2129 148
955 408 1568 235 97
955 408 1568 381 583
955 408 786 598 2
955 408 868 470 7
955 431 786 598 71
955 431 868 470 765
988 312 1373 227 563
988 312 1231 306 215
2964 3905 2940 3905 654
2964 3905 3229 3921 133
2262 3069 2475 3060 94
2335 3069 2475 3060 53
2215 3086 2215 3082 371
123 1742 97 1742 506
1841 3943 1912 3937 65
2964 3921 3229 3921 79
1793 3902 1814 3902 19
1793 3902 1747 3635 144
1793 3902 2069 3833 233
1793 3902 1912 3937 118
3266 3469 3221 3309 49
3220 3314 3221 3309 61
3220 3314 3221 3314 236
1328 2012 1322 2012 214
1328 2012 1328 1971 430
3495 1005 3450 1115 115
3495 1005 3450 1119 47
1069 312 1124 306 94
1069 312 1373 278 282
1069 312 1373 227 263
1069 312 1231 306 123
1069 309 1124 306 543
413 1360 430 1360 394
413 1360 442 1474 147
2929 1534 2968 1663 63
2929 1534 3291 1535 88
2929 1534 3222 1535 390
1740 2015 1619 1788 153
1740 2015 1721 2015 249
1740 2015 1698 1806 193
1740 2015 1449 1799 4
2903 1446 2889 1446 438
2903 1446 2968 1663 61
2903 1446 3291 1535 155
2903 1446 3222 1535 14
2903 1446 2758 1567 162
3309 2788 3313 2600 178
3309 2788 3313 2788 296
3309 2788 3407 2501 11
3309 2788 3407 2506 49
3309 2788 3363 2501 19
3268 2800 3313 2600 26
3268 2800 3407 2501 31
3268 2800 3407 2506 52
3268 2800 3363 2501 267
3309 2800 3313 2600 284
3309 2800 3407 2506 230
2894 3825 2894 3799 327
257 3109 142 3229 163
2863 3825 2728 3531 58
2863 3825 2894 3799 71
2863 3825 2940 3799 102
2863 3825 2706 3531 52
2863 3857 2940 3905 115
2863 3857 2129 3833 185
2863 3857 2706 3531 161
257 3101 142 3229 34
1779 1851 1779 1823 166
1779 1851 2324 1835 34
1779 1851 1887 1823 539
1779 1851 2078 1788 101
3354 1392 3575 1460 417
2035 2748 2076 2767 223
2035 2748 2076 2960 201
2035 2748 2066 2748 70
2253 232 2253 249 143
3326 1392 3575 1460 208
2226 215 2253 249 306
1753 2331 1767 2020 218
1753 2331 1698 1806 54
1753 2331 1449 1799 71
1753 2331 2078 1788 240
2100 3482 2059 3411 150
2100 3482 2012 3411 276
2103 1174 3278 1177 93
2103 1174 3098 1182 73
2103 1174 2545 1498 59
2103 1174 3170 1230 326
2103 1174 2626 1425 41
2103 1174 2552 1425 60
2171 1174 2552 1425 354
3266 3493 3266 3481 100
3266 3493 3220 3469 443
2932 3493 3197 3460 331
2932 3493 3152 3130 248
2932 3493 3168 3342 56
2932 3493 3181 3365 169
3221 2340 3222 2026 275
3221 2340 3221 2337 341
2711 926 2979 934 27
2711 926 2940 991 1
2711 926 3101 991 1
2711 926 3103 991 174
2711 926 2711 999 93
2661 869 2653 869 451
2661 869 2979 934 22
2661 869 2645 730 2
2661 869 2940 991 6
2661 869 3103 991 34
2661 869 2733 999 100
1740 2020 1482 1788 23
1740 2020 1619 1788 303
1740 2020 1698 1806 81
1740 2020 1449 1799 55
1744 681 1769 678 45
1744 681 1745 568 490
1656 3629 1656 3635 427
1798 678 1769 678 410
2975 941 3065 941 106
2975 941 2975 991 393
2975 941 3065 974 27
2992 934 3065 941 30
2992 934 3052 941 606
2992 934 3065 974 14
2992 934 3103 991 112
670 1301 670 1231 52
670 1301 860 872 90
670 1301 794 893 377
670 1301 794 817 108
670 1301 1034 867 79
3577 2791 3441 2761 10
3577 2791 3685 2736 50
3577 2791 3407 2506 1
2512 3111 2566 3112 56
2512 3111 2512 3112 539
4016 906 4031 906 270
1139 2100 1247 2012 352
1139 2100 1202 2082 115
1728 737 1728 720 108
1705 737 1747 537 111
1705 737 1728 720 496
1705 737 1724 438 213
1705 737 1745 568 22
2067 4080 2069 3833 130
1503 1273 1655 1472 513
1503 1273 1656 1273 166
1705 748 1678 748 13
1705 748 1728 720 147
1705 748 1724 438 378
1705 748 1755 461 38
1705 748 1574 840 184
1574 851 1556 851 503
2592 3460 2592 3131 213
3512 2857 3441 2761 21
3512 2791 3441 2761 518
990 2390 1139 2114 106
990 2390 1018 2390 197
990 2390 1247 2012 57
990 2390 1018 2267 254
990 2390 1066 1985 27
990 2390 1324 2729 49
3834 459 3837 1329 109
3834 459 3967 464 12
3834 459 3967 459 349
3834 459 3961 459 40
3796 499 3837 1329 75
3796 499 3834 499 576
782 3364 782 3344 431
782 3364 991 3516 114
782 3364 991 3459 98
3170 1610 3170 1542 58
708 3344 782 3344 237
3207 1610 3291 1535 280
3207 1610 3222 1542 324
3102 1610 3102 1612 62
3102 1610 3291 1535 66
3102 1610 3170 1542 523
3102 1610 3222 1542 154
1202 2016 1247 2012 172
3405 1177 3405 1119 315
2988 312 2989 447 412
3101 321 3174 157 254
3296 1065 3290 1065 7
3290 1118 3346 1118 788
3290 1118 3350 1121 48
305 714 262 774 121
2354 2598 2395 2598 786
2354 2598 2381 2355 46
2354 2598 2528 1887 11
2354 2598 2465 1865 2
2989 547 2989 447 251
2989 547 2989 720 22
2989 547 3009 720 330
87 394 59 389 452
1820 2385 1976 1901 236
1820 2385 1867 2384 229
1820 2385 1906 2384 17
1820 2385 2078 1788 154
1867 2385 1867 2384 610
708 3179 782 3344 45
708 3179 686 3127 85
708 3179 685 3058 230
87 331 59 331 58
701 3127 686 3127 246
3297 760 3311 746 6
3297 760 3296 969 78
3579 947 3450 1119 219
3579 947 3498 1005 250
300 2636 300 2673 162
300 2636 142 3229 64
300 2636 143 3109 274
300 2636 82 3229 51
300 2636 320 2668 41
2531 1539 2522 1539 194
2531 1539 2513 1546 289
1320 2909 1308 2834 327
1320 2909 1308 2855 186
1320 2909 1320 2876 114
1320 2909 1324 2729 119
1316 2909 1308 2834 173
1316 2909 1308 2855 201
1312 2944 1316 2944 515
1312 2944 1308 2834 20
1312 2855 1308 2855 330
1723 3092 2076 2960 43
1723 3092 1728 3088 432
1723 3092 1728 3092 221
1723 3092 2012 3411 53
864 1212 1030 1111 192
51 389 58 389 721
51 389 59 389 23
2766 249 3010 17 70
2766 249 3010 0 111
2766 249 2916 287 572
2766 249 2916 312 93
2813 1656 2789 1607 226
2813 1657 2789 1607 84
834 470 786 560 833
834 470 786 598 7
3943 185 3943 209 354
3943 185 4058 185 374
4058 207 4058 185 223
4075 207 4066 273 282
4075 207 4075 273 276
4075 207 4058 185 41
1048 2123 1048 2114 504
3408 707 3387 707 395
3408 707 3405 1119 262
3359 2600 3363 2600 589
3359 2600 3407 2501 83
3359 2600 3407 2506 47
3359 2600 3363 2501 74
1423 2876 1404 2654 152
1391 1936 1398 1756 176
1391 1936 1412 1799 142
1412 1936 1412 1799 86
3269 1944 3358 1831 5
3269 1944 3381 1831 460
3269 1944 3337 1838 195
3269 1944 3337 1888 34
3255 1950 3381 1831 28
3255 1950 3255 1948 228
3255 1950 3259 1645 109
3822 1902 3671 1868 381
3822 1902 3676 1868 387
1906 2436 1994 2436 570
639 713 639 704 609
669 704 710 597 92
669 704 669 609 129
3152 3342 3168 3342 144
731 704 786 598 329
731 704 780 598 95
731 704 780 597 365
731 763 786 598 361
3574 3462 3441 2761 183
3574 3462 3431 2624 4
3574 3462 3407 2501 13
3574 3462 3407 2506 30
3574 3462 3572 1853 24
3602 3462 3685 2736 248
3602 3462 3602 3443 275
1017 2267 1018 2267 273
1017 2166 1139 2114 117
1017 2166 1247 2012 16
1017 2166 1202 2082 49
1017 2166 1086 2114 168
821 872 860 872 117
821 872 1034 867 110
1066 1825 1320 1776 633
821 893 1034 867 194
2827 999 3290 1065 121
2827 999 2827 1004 202
2827 999 3103 991 20
2000 2076 2005 2076 467
1679 1251 1656 1273 18
1656 1268 1656 1273 29
686 3102 685 3058 70
636 3058 685 3058 384
636 3058 636 3018 175
26 371 59 331 95
26 371 51 371 234
26 371 26 134 131
681 1414 557 1614 269
681 1414 632 1414 113
681 1414 632 1431 29
681 1414 547 1431 15
3410 1686 3519 1555 281
3410 1686 3410 1651 180
1798 665 1769 678 379
3327 1535 3519 1555 47
3327 1535 3291 1535 18
3327 1535 3327 1542 631
584 2879 582 2996 318
584 2879 586 2879 418
2571 3123 2578 3123 107
3881 3305 3888 3106 160
3881 3305 3881 3113 515
3881 3305 3982 3340 170
3979 3305 3982 3340 37
3835 3340 3685 2736 139
602 712 710 552 112
602 712 786 598 23
602 712 710 597 181
602 712 602 713 110
602 712 676 552 161
602 712 669 609 198
3799 3352 3685 2736 230
3799 3352 3769 2757 19
3799 3352 3769 2774 26
1744 720 1747 537 310
1744 720 1745 610 72
1603 3756 1747 3635 147
1603 3789 1466 4014 233
1603 3789 1747 3635 129
2556 236 2951 17 196
2556 236 3010 17 99
2556 236 3010 0 143
2556 236 2645 730 98
2556 236 2556 249 281
676 415 710 552 172
676 415 722 415 410
676 415 676 552 124
1744 610 1745 610 387
2295 2355 2381 2355 303
1416 1757 1398 1756 150
1416 1757 1416 1756 617
2545 1438 2545 1498 644
3159 1230 3170 1230 266
2017 2437 2324 1835 72
2017 2437 2025 1789 4
2017 2437 2040 1788 247
2017 2437 2682 1567 2
2017 2437 2318 1772 60
2017 2437 2490 1865 61
2017 2437 2078 1788 97
2026 2696 2035 2696 377
2016 2437 2513 1546 6
2016 2437 2682 1565 14
2016 2437 2682 1567 112
2016 2437 2318 1772 382
2016 2437 2528 1887 24
2016 2437 2078 1788 17
3101 974 3101 991 391
1252 1584 1398 1580 7
1252 1584 1414 1580 303
1252 1584 1320 1756 55
1252 1733 1320 1756 598
1149 880 1143 880 90
1149 880 1112 845 94
1149 880 1143 820 511
786 817 794 817 566
2940 999 3290 1065 6
2940 999 2940 991 194
2940 999 3103 991 1
2940 999 3155 1100 191
544 323 563 298 269
544 323 639 226 316
544 323 679 284 124
563 323 563 298 354
2092 2266 2324 1835 20
2092 2266 2682 1565 75
2092 2266 2318 1772 44
2092 2266 2295 2224 91
2092 2266 2490 1887 233
2941 1662 2950 1663 252
2016 2277 2324 1835 119
2016 2277 2025 1901 495
3440 3487 3431 2624 135
3440 3487 3407 2506 8
2941 1659 2968 1663 299
2941 1659 2950 1663 299
3440 3481 3431 2624 142
3440 3481 3424 2506 206
4030 2538 3837 1401 54
4030 2538 3671 1868 79
4030 2538 3676 1868 121
4030 2538 3958 2295 112
4030 2538 4030 2503 256
4033 2538 3676 1868 104
4033 2538 3958 2295 127
4049 2566 3837 1401 94
4049 2566 3676 1868 11
4049 2566 3958 2295 152
2929 1577 2968 1663 31
2929 1577 2968 1640 451
1449 3104 1423 3104 399
1550 3104 1423 3104 47
2927 1577 2968 1663 232
1418 2621 1404 2654 104
1418 2654 1404 2654 9
3986 2503 3958 2295 111
3986 2468 3671 1868 2
3986 2468 3958 2295 142
3146 447 3311 746 460
3146 447 3408 663 382
3101 363 3174 157 350
3101 363 3408 663 46
3101 363 3157 0 22
3101 363 3103 991 3
3146 363 3174 157 224
3146 363 3146 157 274
2502 249 2278 280 538
2626 1446 2682 1565 358
2626 1446 2626 1425 76
2678 1446 2682 1565 7
2137 201 2137 215 433
2137 201 2278 280 137
2137 201 2253 280 138
2137 201 2253 249 116
2137 201 2278 387 2
2927 1657 2968 1663 27
2927 1657 2927 1659 781
3357 1289 3326 1297 181
3360 1289 3575 1460 174
3360 1289 3236 1232 147
3360 1289 3236 1234 141
3360 1289 3326 1297 164
3360 1289 3329 1249 147
1034 835 1082 835 547
1086 1985 1328 1971 107
1086 1985 1320 1756 175
1086 1985 1320 1776 155
1755 438 1775 429 147
1755 438 1755 461 76
1658 3083 1723 3058 76
1658 3083 1445 2899 31
1636 3127 1423 3104 246
1636 3127 2012 3411 318
1724 429 1724 438 192
1658 3058 2076 2960 23
1658 3058 1723 3058 45
1658 3058 1423 2899 113
1658 3058 1445 2899 78
3120 1002 3290 1065 157
3120 1002 3155 1100 104
3120 1002 3139 1100 236
3360 1249 3236 1232 37
3360 1249 3236 1234 255
3360 1249 3329 1249 23
3360 1249 3405 1119 110
3360 1249 3350 1121 374
2453 3040 2485 3017 166
3329 1234 3236 1232 170
3329 1234 3236 1234 124
3569 3933 3441 2761 93
3569 3933 3431 2624 10
3569 3933 3574 3487 258
3569 3933 3424 2506 94
3626 1759 3626 1742 303
2171 3272 2059 3272 588
2171 3198 2059 3272 127
2171 3198 2059 3411 297
3266 3502 3266 3481 49
3266 3502 3197 3460 74
3266 3502 3220 3469 319
3266 3502 3363 2501 85
3266 3502 3221 3309 214
1820 2331 2005 2076 104
1820 2331 2490 1865 80
1820 2331 2465 1865 68
1820 2331 2490 1887 218
3582 1759 3568 1759 103
3582 1759 3559 1723 123
1788 2331 1840 2088 71
1788 2331 1976 1901 98
1788 2331 1976 1896 531
1788 2331 2005 2076 122
1788 2331 1887 1823 4
3582 1817 3568 1817 121
3582 1817 3559 1723 7
3582 1817 3545 1557 4
3582 1817 3572 1853 326
3582 1817 3572 1817 54
3960 2468 3936 2326 145
3960 2468 3958 2295 201
3960 2468 3960 2437 148
3960 2468 3950 2326 341
2528 1901 2528 1887 221
2615 1901 2682 1565 115
2615 1901 2682 1567 18
2615 1901 2758 1567 321
69 3865 69 3847 338
130 3897 69 3847 177
130 3897 225 3498 466
130 3897 130 3865 12
130 3897 57 3847 130
430 1391 442 1391 385
430 1391 442 1462 379
430 1391 442 1474 32
3085 2359 3072 2359 74
3157 2337 3172 2091 251
67 3352 20 3352 141
82 3272 77 3272 132
82 3272 82 3229 227
1949 1158 3170 1230 6
1949 1158 2626 1425 287
1949 1158 2103 1168 387
1949 1158 2552 1425 109
1996 1158 3170 1230 28
1996 1158 3236 1232 33
1996 1158 2626 1425 201
1996 1158 1996 1168 138
1996 1158 2103 1168 233
1996 1158 2552 1425 46
1996 1158 3159 1201 143
1836 1158 3236 1232 21
3086 2355 3072 2359 183
3086 2355 3238 2026 111
3086 2355 3113 2114 26
3086 2355 3113 2129 54
3086 2355 3085 2355 213
3086 2355 3172 2091 169
57 3608 55 3608 130
57 3608 20 3352 262
142 3123 142 3229 221
142 3123 82 3229 38
3086 2337 3113 2114 30
3086 2337 3113 2129 182
605 2628 609 3015 219
605 2628 605 2722 127
3297 969 3296 969 178
2067 4035 2069 3833 306
3526 947 3498 1005 175
3526 947 3498 961 286
3155 1117 3278 1177 60
3155 1117 3236 1232 31
3155 1117 3155 1100 414
3155 1117 3159 1201 235
3250 2501 3407 2501 59
3250 2501 3363 2501 207
3250 2485 3363 2501 31
1194 3516 991 3516 88
607 2344 607 2342 526
607 2344 516 2457 84
2210 3700 2129 3833 189
2210 3700 2210 3755 32
2210 3700 2185 3769 158
636 1153 1030 1111 41
681 2352 681 2344 105
681 2352 516 2457 189
567 1103 602 713 157
567 1103 616 1103 99
567 1103 1112 845 5
500 2605 582 2996 91
500 2605 539 2996 77
500 2605 500 2628 243
500 2605 516 2457 151
500 2605 500 2457 28
247 698 262 774 445
247 698 183 698 192
247 774 262 774 18
2779 3508 2592 3131 78
2779 3508 2617 3460 213
350 2196 97 1742 170
350 2196 515 2342 162
350 2196 540 1614 322
350 2313 515 2342 203
350 2313 515 2319 51
2706 3514 2592 3131 222
2706 3514 2578 3123 23
2706 3514 2706 3531 2
2706 3514 2692 3514 86
2706 3514 2692 3487 242
1775 411 1775 429 121
1805 411 1775 429 47
1721 1948 1629 1800 17
1721 1948 1698 1806 199
3436 2223 3519 1555 48
3436 2223 3436 2232 690
2779 3531 2728 3531 695
480 1451 547 1451 26
480 1451 540 1614 195
480 1451 524 1474 17
2210 3065 2485 3017 229
2210 3065 2453 2993 232
2210 3065 2475 3060 20
2215 3065 2485 3017 165
2215 3065 2453 3060 7
2215 3065 2453 2993 73
2215 3065 2475 3060 492
2210 2960 2453 2993 497
1414 1374 1488 1374 18
1414 1374 1488 1404 251
1363 1374 1414 1580 433
1363 1374 1488 1374 91
868 431 868 470 65
501 948 501 928 483
2758 1607 2789 1607 212
2758 1607 2758 1567 148
2038 387 1805 381 47
2038 387 1775 429 355
2038 387 1805 378 26
2038 382 1805 381 25
2038 382 1805 378 306
1029 2123 1048 2114 345
1029 2123 1086 2114 57
208 1630 205 1637 34
228 1630 205 1637 106
228 1630 205 1683 59
1029 2166 1202 2082 321
1698 1800 1629 1791 125
1698 1800 1629 1800 82
609 3857 991 3516 144
609 3857 609 3854 103
348 940 262 774 122
348 940 305 862 486
348 940 427 960 92
366 940 366 960 123
366 940 427 960 45
452 712 710 552 414
452 712 639 704 92
452 712 676 552 174
3950 2295 3837 1329 175
3950 2295 3671 1868 384
3157 2257 3222 2026 109
3157 2257 3207 1645 21
3157 2257 3158 2152 46
3157 2257 3284 2232 126
3157 2257 3284 2254 461
3157 2257 3172 2091 72
3158 2254 3158 2152 345
3358 1838 3358 1831 338
2741 3890 2741 3921 631
3299 1944 3337 1888 252
3299 1888 3337 1888 109
2781 3942 2711 3921 670
2781 3942 2741 3921 139
3979 3340 3982 3340 156
1482 1771 1398 1756 124
1482 1771 1482 1788 107
1482 1771 1449 1771 8
2950 1662 2950 1663 287
1636 3475 2002 3482 305
1636 3475 991 3516 78
1636 3475 1631 3441 361
1636 3475 1636 3441 53
1656 3475 2002 3482 358
1656 3475 1747 3635 40
1656 3475 1656 3635 346
1656 3475 2012 3411 41
340 3857 225 3497 226
340 3857 225 3498 178
3194 99 3157 0 326
3194 99 3194 79 252
3194 99 3174 99 231
2992 922 3052 922 146
3052 837 3065 941 58
3052 837 3052 922 543
641 1185 1030 1111 178
636 1185 1030 1111 407
641 1301 557 1614 175
641 1301 860 872 32
641 1301 794 893 119
641 1301 794 817 83
641 1301 1034 867 312
641 1301 1030 1111 9
641 1301 1112 845 92
427 928 427 960 587
542 960 602 713 215
542 960 501 928 73
542 960 567 960 80
2465 1672 2513 1546 352
2465 1672 2682 1565 27
2465 1672 2682 1567 6
2465 1672 2758 1567 63
2465 1672 2513 1618 79
1320 2831 1324 2729 97
1324 2831 1324 2729 278
2473 1672 2473 1618 246
2473 1672 2513 1618 316
4004 559 3967 464 21
4004 559 4031 906 349
4004 559 4016 838 83
3671 1853 3572 1853 465
4002 559 3967 464 62
3191 2360 3222 2026 343
3191 2360 3238 2026 152
3191 2360 3207 1645 144
3191 2360 3191 2387 28
3221 2360 3222 2026 101
3196 2387 3191 2387 6
3196 2387 3217 2395 129
3196 2387 3217 2485 328
2552 1438 2545 1498 60
1166 2082 1202 2082 99
1166 2100 1202 2082 64
1097 835 1112 820 521
1097 835 1112 845 326
1097 845 1112 845 188
2571 3114 2566 3112 103
2571 3114 2578 3123 237
2420 2568 2682 1565 1
2420 2568 2465 1865 90
2420 2568 2490 1887 44
2420 2535 2682 1565 81
2420 2535 2682 1567 156
2420 2535 2758 1567 34
2420 2535 2465 1865 96
2354 2568 2381 2355 28
2354 2568 2682 1567 275
2354 2568 2381 2535 197
2354 2568 2528 1887 20
2354 2568 2465 1865 328
2566 3114 2566 3112 157
1767 2059 1976 1901 66
1767 2059 1976 1896 195
1767 2059 1840 2059 234
1840 2073 1840 2059 270
1431 2974 1431 2909 163
1431 2974 1423 2899 63
1423 2974 1423 2899 425
1231 278 1502 235 80
1231 278 1568 235 135
1231 278 1373 278 456
3098 1201 3159 1201 281
860 867 1034 867 73
860 867 1082 835 58
1836 1168 2626 1425 54
1818 1168 1556 851 10
1818 1168 3278 1177 21
1818 1168 1656 1273 416
1818 1168 2626 1425 97
1818 1168 2103 1168 6
1818 1251 1656 1273 136
278 1528 540 1614 19
278 1528 539 1543 320
278 1528 540 1543 269
284 1416 442 1462 38
284 1416 547 1451 93
266 1528 205 1683 92
266 1528 540 1614 253
266 1528 540 1543 313
266 1535 205 1683 286
266 1535 131 1570 328
3168 3365 3181 3365 118
3181 3460 3197 3460 55
2002 3441 2012 3441 177
2002 3441 2012 3411 28
656 609 656 597 491
656 609 669 609 25
586 2722 586 2879 51
586 2722 586 2808 607
586 2722 605 2722 107
2690 249 3010 0 300
2690 249 2690 236 470
312 3900 225 3497 32
312 3900 225 3498 14
312 3900 340 3900 154
312 3900 312 3926 111
1550 3083 1316 2944 193
1550 3083 1423 2899 185
1550 3083 1404 2654 161
1502 227 1502 235 67
3196 2395 3217 2395 708
441 2314 441 2319 601
4039 354 4066 273 89
4039 354 3967 464 465
4039 354 3961 354 219
433 2314 515 2319 609
433 2314 441 2319 107
4039 306 4066 273 26
4039 306 4066 306 188
435 3003 435 3078 220
433 2313 515 2319 16
284 1360 547 1451 14
284 1360 547 1431 168
284 1360 278 1416 139
284 1360 540 1614 3
284 1360 524 1474 379
284 1360 442 1474 19
529 3003 609 3015 396
529 3039 604 3015 176
529 3039 609 3018 440
3346 1121 3350 1121 122
3350 1119 3350 1121 109
2798 3942 2711 3921 156
2798 3942 2781 3890 682
2798 3857 2129 3833 265
2798 3857 2706 3531 464
2798 3857 2781 3890 15
162 508 98 439 22
162 508 127 508 51
162 681 98 439 291
84 3519 67 3290 157
84 3519 55 3519 248
84 3519 82 3229 98
84 3519 20 3352 33
183 681 59 331 649
183 681 183 698 64
183 681 98 439 54
84 3498 225 3498 131
84 3498 82 3229 259
84 3498 20 3352 402
2185 3755 2185 3769 605
4049 2731 3960 2739 179
4049 2731 3985 2731 211
4049 2731 3985 2739 185
3017 720 3065 941 185
3017 720 3311 746 198
3017 720 3065 974 29
3017 720 3101 991 1
3017 720 3103 991 183
3017 720 3009 720 75
3017 720 3052 922 156
1747 568 1747 537 381
1747 568 1755 461 147
98 394 59 389 73
98 394 59 331 25
127 439 98 439 276
4004 838 4016 838 305
516 2342 515 2342 341
516 2342 516 2457 224
1747 461 1755 461 197
3086 1612 3102 1612 335
3086 1628 3207 1645 193
3086 1628 3259 1645 254
940 2352 940 2390 598
940 2352 1247 2012 6
940 2352 1018 2267 48
940 2352 1066 1985 26
320 2673 320 2668 384
403 2605 332 3101 3
403 2605 332 3078 48
403 2605 320 2668 239
2886 3520 3181 3365 46
2886 3520 2932 3520 258
2886 3520 2886 3508 237
403 2668 582 2996 81
403 2668 332 3101 293
403 2668 332 3078 247
403 2668 435 3078 112
403 2668 320 2668 102
2187 3086 2215 3082 153
2187 3086 2566 3112 120
2187 3086 2475 3111 214
2187 3086 2485 3017 146
2886 3548 3197 3460 77
2886 3548 3152 3130 21
2886 3548 2706 3531 104
2886 3548 3181 3365 15
2886 3548 2932 3520 176
2894 3548 3197 3460 163
2894 3548 3152 3130 23
2894 3548 3181 3365 64
2178 3198 2059 3411 245
2178 3198 2012 3411 92
2178 3198 2178 3137 24
2187 3137 2578 3123 141
2187 3137 2178 3137 138
1887 1896 1887 1823 262
2000 2073 2324 1835 275
2000 2073 2040 1788 47
2000 2073 2528 1887 122
2000 2073 2490 1865 104
2000 2073 2078 1788 12
1678 840 1556 851 171
1678 840 1574 840 498
2113 3954 2129 3833 157
2113 3954 2085 3937 174
2113 3954 2085 3954 342
2061 4031 2069 3833 108
2061 4031 2061 4035 469
2085 4031 2085 3999 461
2085 4031 2085 3937 318
2530 2956 2530 2910 408
2530 2956 2485 3017 125
2530 2956 2574 2956 79
2574 2979 2566 3017 63
2574 2979 2574 2956 128
2566 2979 2566 3017 455
3537 525 3450 1119 23
3537 525 3498 1005 179
3537 525 3408 663 15
3694 525 3837 1329 437
3537 531 3408 663 297
3526 531 3417 608 263
3526 531 3408 663 86
3526 531 3526 542 109
2007 2547 2026 2588 36
2007 2547 2035 2696 361
2007 2547 1994 2436 210
2007 2547 2682 1567 44
2007 2547 2017 2547 192
2617 3487 2592 3131 312
2617 3487 2578 3123 113
2617 3487 2617 3460 84
3424 2624 3407 2506 27
3424 2624 3424 2506 511
2078 1772 2682 1567 59
2078 1772 2318 1772 108
2733 1004 2733 999 638
722 352 722 415 409
722 352 679 284 298
2502 211 2951 17 126
2502 211 2278 280 18
2502 211 3010 17 40
2502 211 2473 24 437
2502 211 2278 387 193
1841 3947 1912 3992 397
1912 3947 1912 3992 128
1912 3947 1912 3937 268
1620 3992 1466 4014 133
1620 3992 1620 4014 653
